tm: -150527.278188551
tc: -0.002305038072146955
accel_bias: [-0.04717741613721455, -0.07034896670337663, -0.03231176628010501]
gyro_bias: [-0.004936014393538678, 0.006832230548126756, 0.003299054277444827]
p_u2m: [0.006228303245238449, 0.01936311380701126, -0.09925855920867407]
q_u2m: [0.5905902763028437, -0.3475665976434256, -0.3213965937109184, 0.6535325663577318]
p_u2c: [0.01666044727690726, 0.06831908058722323, -0.3523408903053932]
q_u2c: [0.7060646666507441, 0.004429725140391003, 0.001812721421084533, 0.7081311870576004]
q_u2b: [0.8831637786356926, -0.0001919734052057312, -0.4690647012033105, -9.662911492654515e-05]
cd: 0.2167385760502608