log_prefix: "/tmp/Salsa/"

# x_u2m: [0, 0, 0,
#         1, 0, 0, 0]

# x_u2c: [0, 0, 0,
#         1, 0, 0, 0]

# x_u2b: [0, 0, 0,
#         1, 0, 0, 0]

# dt_m: 0
# dt_c: 0
N: 15
num_sat: 15
num_feat: 25
R_clock_bias: [0.01, 0.01] # nsec
switch_weight: 1000.0
state_buf_size: 100
disable_solver: true

accel_noise_stdev:  0.2
gyro_noise_stdev: 0.3
position_noise_stdev: 0.001
attitude_noise_stdev: 0.001
acc_wander_weight: 0.004
gyro_wander_weight: 0.001
min_depth: 0.5
use_measured_depth: false

focal_len: [250.0, 250.0]
cam_center: [320, 240]
image_size: [640, 480]
cam_skew: 0.0
distortion: [0, 0, 0, 0, 0]
kf_parallax_thresh: 120
kf_feature_thresh: 0.80

show_matches: true
feature_nearby_radius: 30
feature_mask: ""
simulate_klt: true

doppler_cov: 0.0025
estimate_origin: false
min_satellite_elevation: 0.43654987
use_point_positioning: true
disable_gnss: false
x_e2n: [ -1798298, -4531280, 4098905, 0.2363030974, -0.7505535126, -0.509619223, -0.3480208592]




q_mocap_to_NED_pos: [0.7071067811865476, 0.7071067811865476, 0, 0]
q_mocap_to_NED_att: [0.7071067811865476, 0, 0, 0.7071067811865476]
disable_mocap: true

anchor_cov: [0.001, 0.001, 0.001,
             0.001, 0.001, 0.001,
             0.0005, 0.0005, 0.0005,
             0.001, 0.001] # nsec

tm: -0.000605557781538751
X_u2m:
  - -0.07814420739925576
  - -0.0004914966429923415
  - 0.0296102142203402
  - 0.9998000805969759
  - -0.0002261037569407159
  - 0.007812263028163478
  - 0.01840424575344838
X_u2c:
  - 0.1066368796766168
  - 0.002198025342207145
  - -0.003035543918983586
  - 0.505429385279942
  - 0.4949098004443894
  - 0.4997075342497915
  - 0.4998977956879098
tc: 0.03296454980836661
q_u2b:
  - 0.9999955661046419
  - -0.002566305997883241
  - 0.001510241030084827
  - 3.188437111776338e-05
cd: 0.1144448921568255
imu_bias:
  - 0.2166430619114517
  - -0.007458564316057775
  - -0.01176783703002884
  - 1.816635987022591e-05
  - -0.0001513440987399293
  - -0.0004678842388077354