log_prefix: "/tmp/Salsa/"

######################################
### ROSbag Setup
######################################
imu_topic: "/imu"
image_topic: "/left"
mocap_topic: "/Ragnarok_ned"
start_time: 10
duration: 40
bag_name: "/home/superjax/rosbag/mynt_outdoors_walk/walk1_uc.bag"
mocap_rate: 10
bias0: [0, 0, 0, 0, 0, 0]
wait_key: false
# bias0: [-0.04717741613721455, -0.07034896670337663, -0.03231176628010501,
#        -0.004936014393538678, 0.006832230548126756, 0.003299054277444827]

######################################
### OPT SETUP
######################################
max_node_window: 50
max_kf_window: 15
state_buf_size: 1000
num_feat: 75
num_sat: 15
disable_solver: false
max_iter: 1000
max_solver_time: 1.0
num_threads: 4

#####################################
### Output Frame
#####################################
label: "$\\hat{x}$" # Label of lines in plot
x_b2o: [0.006228303245238449, 0.01936311380701126, -0.09925855920867407,
        0.8870108331782217, 0.0, -0.4617486132350339, 0.0]


#####################################
### Static Start
#####################################
enable_static_start: true
static_start_freq: 0.02 # how often to drop static-start nodes
static_start_imu_thresh: 15 # if imu mag exceeds this, then stop static start
camera_start_delay: 1.3 # wait this long after static start to start fusing images
static_start_Xi: [1e9, 1e9, 1e9, # pos
                  1e9,           # yaw
                  1e9, 1e9, 1e9] # vel

#####################################
### IMU
#####################################
accel_noise_stdev: 3.0
gyro_noise_stdev: 1.0
imu_bias_xi: [1e5, 1e5, 1e5, # acc
              1e7, 1e7, 1e7] # gyro

#####################################
### Camera
#####################################
pix_err_stdev: 0.2
disable_vision: false
tracker_freq: 10
min_depth: 0.01
use_measured_depth: false
use_distort_mask: true


# Small Camera
# focal_len: [189.288014941235, 188.89300027962554]
# cam_center: [189.57352223555952, 114.25998149460739]
# image_size: [376, 240]
# cam_skew: 0.0
# distortion: [-0.28839265926889596, 0.06052865219979488, 0.003175682270413171,  0.0014326472335837869, 0]

# Big Camera
focal_len: [386.5056187959309, 386.9805107887256]
cam_center: [387.88086531158535,  233.65220025666383]
image_size: [752, 480]
cam_skew: 0.0
distortion: [-0.2816241410812369, 0.05758000227344342, 0.000913492516598625, 0.0011916159178065463, 0.0]


kf_parallax_thresh: 40
kf_feature_thresh: 0.80
update_on_camera: true
klt_quality: 0.3
klt_block_size: 5
ransac_thresh: 0.02
ransac_prob: 0.999

show_matches: true
show_skip: 1
get_feature_radius: 50
track_feature_min_distance: 30
feature_mask: ""
simulate_klt: true
tc: 0.0
x_b2c: [0.01666044727690726, 0.06831908058722323, -0.3523408903053932, 
        0.7060646666507441, 0.004429725140391003, 0.001812721421084533, 0.7081311870576004]

#####################################
### GNSS
#####################################
clk_bias_xi: [2, 2] # nsec
doppler_cov: 0.01
min_satellite_elevation: 10
use_point_positioning: true
disable_gnss: false
update_on_gnss: false
x_e2n: [ -1798298, -4531280, 4098905,
         0.2363030974, -0.7505535126, -0.509619223, -0.3480208592]
p_b2g: [0, 0, 0]
switch_xi: 10
switchdot_xi: 50
enable_switching_factors: true


#####################################
### Mocap
#####################################
position_noise_stdev: 0.001
attitude_noise_stdev: 0.001
disable_mocap: true
tm: -150527.278188551
x_b2m: [0.006228303245238449, 0.01936311380701126, -0.09925855920867407,
        0.8870108331782217, 0.0, -0.4617486132350339, 0.0]
update_on_mocap: true

#####################################
### Anchors
#####################################
state_anchor_cov: [1e-6, 1e-6, 1e-6, # p
                   1e-5, 1e-5, 1e-5, # q
                   5e-6, 5e-6, 5e-6, # v
                   1e-3, 1e-3, # clk_bias (nsec)
                   5e3, 5e3, 5e3, # acc bias
                   1e4, 1e4, 1e4] # gyro bias
x_e2n_anchor_cov: [1e-3, 1e-3, 1e-3, # p
                   1e-6, 1e-6, 1e-6] # q