log_prefix: "/tmp/Salsa/"

######################################
### ROSbag Setup
######################################
imu_topic: "/imu"
image_topic: "/left/compressed"
mocap_topic: "/Ragnarok_ned"
start_time: 23
duration: 41
bag_name: "/home/superjax/rosbag/mocap_ned1_adjust.bag"
mocap_rate: 10
bias0: [0, 0, 0, 0, 0, 0]
#bias0: [-0.04717741613721455, -0.07034896670337663, -0.03231176628010501,
#        -0.004936014393538678, 0.006832230548126756, 0.003299054277444827]

######################################
### OPT SETUP
######################################
max_node_window: 50
max_kf_window: 10
state_buf_size: 200
num_feat: 75
num_sat: 15
disable_solver: false
max_iter: 1000
max_solver_time: 1.0
num_threads: 12

#####################################
### Output Frame
#####################################
label: "$\\hat{x}$" # Label of lines in plot
x_b2o: [0.006228303245238449, 0.01936311380701126, -0.09925855920867407,
        0.8870108331782217, 0.0, -0.4617486132350339, 0.0]

#####################################
### IMU
#####################################
accel_noise_stdev:  3.0
gyro_noise_stdev: 0.5

#####################################
### Camera
#####################################
pix_err_stdev: 1
disable_vision: false
tracker_freq: 10
min_depth: 0.5
use_measured_depth: true

focal_len: [189.288014941235, 188.89300027962554]
cam_center: [189.57352223555952, 114.25998149460739]
image_size: [376, 240]
cam_skew: 0.0
distortion: [-0.28839265926889596, 0.06052865219979488, 0.003175682270413171,  0.0014326472335837869, 0]
kf_parallax_thresh: 30
kf_feature_thresh: 0.75
update_on_camera: true

show_matches: true
feature_nearby_radius: 10
feature_mask: ""
simulate_klt: false
tc: 0.0
x_b2c: [0.01666044727690726, 0.06831908058722323, -0.3523408903053932, 
        0.7060646666507441, 0.004429725140391003, 0.001812721421084533, 0.7081311870576004]

#####################################
### GNSS
#####################################
clk_bias_xi: [2, 2] # nsec
doppler_cov: 0.005
min_satellite_elevation: 0.43654987
use_point_positioning: true
disable_gnss: false
update_on_gnss: false
x_e2n: [ -1798298, -4531280, 4098905,
         0.2363030974, -0.7505535126, -0.509619223, -0.3480208592]
p_b2g: [0, 0, 0]
switch_xi: 10
switchdot_xi: 2
enable_switching_factors: true


#####################################
### Mocap
#####################################
position_noise_stdev: 0.001
attitude_noise_stdev: 0.001
disable_mocap: true
tm: -150527.278188551
x_b2m: [0.006228303245238449, 0.01936311380701126, -0.09925855920867407,
        0.8870108331782217, 0.0, -0.4617486132350339, 0.0]
update_on_mocap: true

#####################################
### Anchors
#####################################
state_anchor_cov: [1e-6, 1e-6, 1e-6, # p
                   1e-5, 1e-5, 1e-5, # q
                   5e-5, 5e-5, 5e-5, # v
                   1e-3, 1e-3] # clk_bias (nsec)
x_e2n_anchor_cov: [1e-6, 1e-6, 1e-6, # p
                   1e-8, 1e-8, 1e-2] # q
bias_anchor_cov: [0.0001, 0.0001, 0.0001, # acc
                 0.00001, 0.00001, 0.00001] # gyro
