log_prefix: "/tmp/Salsa/"

# x_u2m: [0, 0, 0,
#         1, 0, 0, 0]

# x_u2c: [0, 0, 0,
#         1, 0, 0, 0]

# x_u2b: [0, 0, 0,
#         1, 0, 0, 0]

# dt_m: 0
# dt_c: 0
node_window: 15
num_sat: 15
num_feat: 75
R_clock_bias: [0.01, 0.01] # nsec
switch_weight: 1000.0
state_buf_size: 100
disable_solver: false

tracker_freq: 15
max_iter: 8
max_solver_time: 0.04

accel_noise_stdev:  3.0
gyro_noise_stdev: 0.5
position_noise_stdev: 0.001
attitude_noise_stdev: 0.001
min_depth: 0.5
use_measured_depth: false

focal_len: [250.0, 250.0]
cam_center: [320, 240]
image_size: [640, 480]
cam_skew: 0.0
distortion: [0, 0, 0, 0, 0]
kf_parallax_thresh: 120
kf_feature_thresh: 0.75

show_matches: true
feature_nearby_radius: 30
feature_mask: ""
simulate_klt: true


doppler_cov: 0.0025
estimate_origin: false
min_satellite_elevation: 0.43654987
use_point_positioning: true
disable_gnss: false
x_e2n: [ -1798298, -4531280, 4098905, 0.2363030974, -0.7505535126, -0.509619223, -0.3480208592]

q_mocap_to_NED_pos: [0.7071067811865476, 0.7071067811865476, 0, 0]
q_mocap_to_NED_att: [0.7071067811865476, 0, 0, 0.7071067811865476]
disable_mocap: false

state_anchor_cov: [0.0001, 0.0001, 0.0001, # p
                   0.0001, 0.0001, 0.0001, # q
                   0.0005, 0.0005, 0.0005, # v
                   0.001, 0.001] # clk_bias (nsec)
estimate_x_b2c: false
x_b2c_anchor_cov: [0.0001, 0.0001, 0.0001, # p
                   0.0001, 0.0001, 0.0001] # q
x_e2n_anchor_cov: [0.1, 0.1, 0.1, # p
                   0.001, 0.001, 0.001] # q
bias_anchor_cov: [0.00001, 0.00001, 0.00001, # acc
                 0.0000001, 0.0000001, 0.0000001] # gyro

tm: -0.000605557781538751
tc: 0.0
x_b2c: [0, 0, 0, 1, 0, 0, 0]
x_b2m: [0, 0, 0, 1, 0, 0, 0]